O
2.100000 1.300000 3.000000
1.578377 0.327546 2.491242
-0.000908 0.001467 0.000000
-0.001133 -0.000701 0.001097
L 
4.000000 3.000000 2.000000
P 7
C 0.000000 0.000000 -1.000000 0.300000 0.000000 0.000000 1.000000 2.000000
C 0.000000 1.000000 1.000000 0.300000 0.000000 -1.000000 0.000000 1.000000
S 0.000000 1.000000 1.000000 0.300000 0.000000 0.000000 0.000000 0.000000
C 0.000000 -1.000000 1.000000 0.300000 0.000000 1.000000 0.000000 2.000000
C 0.000000 0.000000 -1.000000 0.300000 0.000000 0.447214 0.894427 2.236068
S 0.000000 1.000000 1.000000 0.300000 0.000000 0.000000 0.000000 0.000000
S 0.000000 1.500000 1.500000 0.500000 0.000000 0.000000 0.000000 0.000000
E